998
998
997
996
995
992
991
989
980
976
974
973
970
970
967
967
963
962
954
941
941
936
936
929
928
925
923
922
920
919
918
918
914
913
904
903
902
902
900
898
898
894
892
891
889
888
888
885
884
884
879
878
875
873
872
872
870
868
866
866
865
864
861
858
858
857
856
852
849
848
847
846
844
838
833
831
830
830
830
825
822
821
821
821
816
812
810
809
808
806
800
799
799
797
795
794
794
793
790
789
789
787
784
783
781
780
774
771
769
768
768
764
761
761
761
759
755
754
752
751
750
748
748
746
745
741
739
738
738
735
727
726
725
724
723
722
722
722
719
717
715
713
711
705
704
704
703
702
701
701
700
699
698
697
694
693
692
692
690
689
689
687
680
676
675
675
675
671
670
670
668
666
664
659
650
648
648
646
646
644
639
639
635
634
634
631
631
631
630
630
629
626
625
620
619
619
619
619
615
613
613
613
608
607
606
598
596
593
593
590
589
589
588
588
587
586
580
577
575
574
570
569
568
564
563
561
561
556
554
552
549
547
547
543
539
535
534
534
531
529
527
526
519
516
516
512
509
505
503
503
500
498
497
492
492
491
490
490
489
484
484
480
480
480
479
479
479
477
476
472
469
465
463
462
460
460
458
454
454
453
453
451
451
449
448
444
444
443
442
441
433
432
425
420
417
417
414
413
411
406
404
402
400
399
397
396
393
392
390
387
387
383
381
381
381
379
378
378
376
376
374
371
371
371
368
364
362
360
360
359
355
353
353
352
351
349
349
348
346
344
339
338
338
333
333
332
332
325
319
315
302
301
295
293
285
279
276
270
270
269
269
268
268
268
267
266
266
265
264
259
259
256
254
254
254
249
249
248
246
244
244
244
243
240
237
236
234
233
229
228
225
223
222
216
214
212
209
206
206
205
203
203
201
201
198
197
197
192
191
187
185
182
181
178
174
173
173
173
171
169
166
163
163
163
162
162
161
159
151
150
149
145
144
141
141
139
133
132
124
120
118
117
116
111
111
110
109
108
106
106
103
100
98
95
95
93
87
82
81
75
74
73
72
71
70
69
68
67
66
64
64
63
56
55
55
53
49
48
48
44
42
38
37
32
31
28
27
24
22
22
21
21
20
17
16
13
13
7
3
2
